Fill	Timestamp [s]	Duration [s]	Temperature [K]	Fluence [n_eq/cm2/s]	Leakage_current [mA/cm2]
8177	1663945426	1200		261.87		     25946		622.50
8177	1663949026	3600		261.98		     36331		629.50
8177	1663952626	3600		261.87		     36292		623.50
8177	1663956226	3600		258.83		     31597		  9.50
8177	1663956279	53		258.88		         0		  9.50
-999	1663957479	1200		258.59		         0		-999.00
-999	1663961079	3600		258.85		         0		-999.00
-999	1663964475	3396		258.74		         0		-999.00
8178	1663965675	1200		261.80		     78338		619.50
8178	1663969275	3600		262.29		    103800		674.50
8178	1663972875	3600		262.15		     47842		662.50
8178	1663976475	3600		262.15		     46653		663.00
8178	1663980075	3600		261.81		     50128		617.00
8178	1663983675	3600		261.81		     80437		617.50
8178	1663987275	3600		261.75		     59796		619.00
8178	1663990875	3600		261.91		     53667		615.00
8178	1663994475	3600		261.76		     52390		609.00
8178	1663998075	3600		262.09		     53683		646.50
8178	1664001675	3600		261.72		     58485		627.50
8178	1664005275	3600		262.09		     32525		652.50
8178	1664008875	3600		261.89		     42198		633.00
8178	1664012475	3600		261.84		     28988		612.50
8178	1664016075	3600		261.72		     92217		608.00
8178	1664019675	3600		261.95		    117251		619.00
8178	1664023275	3600		262.07		    103425		640.00
8178	1664026875	3600		262.09		     42743		653.50
8178	1664030475	3600		261.80		     75217		610.50
8178	1664034075	3600		261.84		     51680		615.00
8178	1664037675	3600		261.95		    100034		618.50
8178	1664041275	3600		261.95		     98884		618.50
8178	1664044875	3600		261.67		     90140		602.00
8178	1664048475	3600		261.95		    115614		619.50
8178	1664052075	3600		261.95		    115855		618.50
8178	1664055675	3600		261.95		    115515		618.50
8178	1664059275	3600		261.95		    116646		615.00
8178	1664062875	3600		261.95		    116405		618.50
8178	1664066475	3600		261.95		    117714		618.50
8178	1664070075	3600		261.95		    117474		615.00
8178	1664073675	3600		261.95		    117928		615.00
8178	1664077275	3600		261.95		    119047		615.00
8178	1664080875	3600		261.89		    119243		615.00
8178	1664084475	3600		261.95		    118298		615.00
8178	1664088075	3600		261.84		     78448		611.00
8178	1664091675	3600		261.69		     68196		601.00
8178	1664095275	3600		261.93		     78117		615.50
8178	1664098875	3600		261.87		     74311		615.50
8178	1664102475	3600		261.93		     89860		615.50
8178	1664106075	3600		261.93		     89568		615.50
8178	1664109675	3600		261.75		     51429		603.50
8178	1664113275	3600		262.20		     51181		651.50
8178	1664116875	3600		261.75		     82691		605.50
8178	1664120475	3600		261.85		     98934		613.00
8178	1664124075	3600		261.97		    111109		616.00
8178	1664127675	3600		261.97		    110853		616.00
8178	1664131275	3600		261.97		    109642		616.00
8178	1664134875	3600		261.97		    109345		616.00
8178	1664138475	3600		261.97		    110205		616.00
8178	1664142075	3600		261.97		    109571		616.00
8178	1664145675	3600		261.97		    110660		616.00
8178	1664149275	3600		261.97		    110244		612.50
8178	1664152875	3600		261.97		    111159		616.00
8178	1664156475	3600		261.97		    110251		612.50
8178	1664160075	3600		261.97		    110035		616.00
8178	1664163675	3600		261.97		    109802		616.00
8178	1664167275	3600		261.97		    105829		616.00
8178	1664170875	3600		262.14		     97223		639.50
8178	1664171028	153		262.20		         0		639.50
-999	1664172228	1200		262.00		         0		-999.00
-999	1664175828	3600		261.98		         0		-999.00
-999	1664179428	3600		262.05		         0		-999.00
-999	1664183028	3600		262.05		         0		-999.00
-999	1664186628	3600		258.81		         0		-999.00
-999	1664190228	3600		258.83		         0		-999.00
-999	1664193828	3600		258.83		         0		-999.00
-999	1664197428	3600		258.83		         0		-999.00
-999	1664200424	2996		258.83		         0		-999.00
8181	1664201624	1200		261.98		    115782		625.00
8181	1664205224	3600		261.98		    113496		626.00
8181	1664208824	3600		261.98		    114299		624.50
8181	1664212424	3600		261.98		    113517		624.50
8181	1664213459	1035		261.98		    114995		624.50
-999	1664214659	1200		258.65		         0		-999.00
-999	1664218259	3600		258.86		         0		-999.00
-999	1664221859	3600		258.85		         0		-999.00
-999	1664225459	3600		258.78		         0		-999.00
-999	1664229059	3600		258.81		         0		-999.00
-999	1664231235	2176		258.88		         0		-999.00
-999	1664233288	1200		258.82		         0		-999.00
-999	1664236888	3600		258.88		         0		-999.00
-999	1664240488	3600		258.91		         0		-999.00
-999	1664244088	3600		258.88		         0		-999.00
-999	1664247688	3600		258.90		         0		-999.00
-999	1664251288	3600		258.88		         0		-999.00
-999	1664254888	3600		258.82		         0		-999.00
-999	1664258488	3600		258.60		         0		-999.00
-999	1664262088	3600		258.88		         0		-999.00
-999	1664265688	3600		258.83		         0		-999.00
-999	1664269288	3600		258.88		         0		-999.00
-999	1664272888	3600		258.83		         0		-999.00
-999	1664276488	3600		258.82		         0		-999.00
-999	1664280088	3600		258.88		         0		-999.00
-999	1664283688	3600		258.85		         0		-999.00
-999	1664287288	3600		258.77		         0		-999.00
-999	1664290888	3600		258.79		         0		-999.00
-999	1664294488	3600		258.88		         0		-999.00
-999	1664298088	3600		258.86		         0		-999.00
-999	1664301688	3600		258.83		         0		-999.00
-999	1664305288	3600		258.86		         0		-999.00
-999	1664308888	3600		258.85		         0		-999.00
-999	1664312488	3600		258.82		         0		-999.00
-999	1664316088	3600		258.86		         0		-999.00
-999	1664319688	3600		258.84		         0		-999.00
-999	1664323288	3600		258.82		         0		-999.00
-999	1664326888	3600		258.85		         0		-999.00
-999	1664330488	3600		258.85		         0		-999.00
-999	1664334088	3600		258.91		         0		-999.00
-999	1664337688	3600		262.03		         0		-999.00
-999	1664341288	3600		262.04		         0		-999.00
-999	1664344888	3600		262.06		         0		-999.00
-999	1664348488	3600		261.98		         0		-999.00
-999	1664352088	3600		262.04		         0		-999.00
-999	1664355688	3600		262.04		         0		-999.00
-999	1664359288	3600		262.04		         0		-999.00
-999	1664362888	3600		262.04		         0		-999.00
-999	1664366488	3600		262.04		         0		-999.00
-999	1664370088	3600		262.04		         0		-999.00
-999	1664373688	3600		261.69		         0		-999.00
-999	1664377288	3600		258.75		         0		-999.00
-999	1664380888	3600		258.81		         0		-999.00
-999	1664384488	3600		258.82		         0		-999.00
-999	1664388088	3600		258.82		         0		-999.00
-999	1664391688	3600		258.82		         0		-999.00
-999	1664395288	3600		258.77		         0		-999.00
-999	1664398888	3600		258.80		         0		-999.00
-999	1664402488	3600		258.83		         0		-999.00
-999	1664406088	3600		258.83		         0		-999.00
-999	1664409688	3600		258.77		         0		-999.00
-999	1664413288	3600		258.77		         0		-999.00
-999	1664416888	3600		258.77		         0		-999.00
-999	1664420488	3600		258.77		         0		-999.00
-999	1664424088	3600		258.77		         0		-999.00
-999	1664427688	3600		258.83		         0		-999.00
-999	1664431288	3600		258.83		         0		-999.00
-999	1664434888	3600		258.88		         0		-999.00
-999	1664438488	3600		258.88		         0		-999.00
-999	1664442088	3600		258.82		         0		-999.00
-999	1664445688	3600		258.82		         0		-999.00
-999	1664449288	3600		258.82		         0		-999.00
-999	1664452888	3600		258.82		         0		-999.00
-999	1664454124	1236		258.82		         0		-999.00
8210	1664455324	1200		261.97		   4530649		625.00
8210	1664458924	3600		262.14		   4406320		634.00
8210	1664462524	3600		261.97		   4346348		622.00
8210	1664466124	3600		261.98		   4275466		612.50
8210	1664469724	3600		262.16		   5164367		634.50
8210	1664473324	3600		261.98		   6895633		602.00
8210	1664476924	3600		262.09		   2761546		630.00
8210	1664478684	1760		262.17		   5580274		630.00
-999	1664479884	1200		262.03		         0		-999.00
-999	1664483484	3600		262.09		         0		-999.00
-999	1664487084	3600		258.60		         0		-999.00
-999	1664490684	3600		258.81		         0		-999.00
-999	1664491971	1287		258.76		         0		-999.00
8211	1664493171	1200		262.10		   5000308		629.50
8211	1664496771	3600		262.21		   6674991		633.00
8211	1664500371	3600		262.19		   6184613		629.00
8211	1664501041	670		262.19		   6332006		629.00
-999	1664502241	1200		258.64		         0		-999.00
-999	1664505841	3600		258.86		         0		-999.00
-999	1664507842	2001		258.86		         0		-999.00
8212	1664509042	1200		262.46		  15960453		639.00
8212	1664512642	3600		262.93		  25955276		649.00
8212	1664516242	3600		262.32		   9582088		644.00
8212	1664519842	3600		262.65		  22735430		615.00
8212	1664520159	317		262.80		  29757677		611.50
-999	1664521359	1200		261.56		         0		-999.00
-999	1664524959	3600		258.87		         0		-999.00
-999	1664528559	3600		258.85		         0		-999.00
-999	1664532159	3600		258.88		         0		-999.00
-999	1664535759	3600		258.80		         0		-999.00
-999	1664539359	3600		258.86		         0		-999.00
-999	1664542444	3085		258.88		         0		-999.00
8214	1664543644	1200		262.81		  30576030		642.00
8214	1664547244	3600		261.87		   6937313		607.50
8214	1664550844	3600		261.89		         0		619.00
8214	1664551919	1075		262.00		         0		651.00
-999	1664553119	1200		262.22		         0		-999.00
-999	1664556719	3600		262.23		         0		-999.00
-999	1664560319	3600		258.87		         0		-999.00
-999	1664563624	3305		258.82		         0		-999.00
8216	1664564824	1200		263.18		  36556568		653.00
8216	1664568424	3600		263.28		  46562602		647.00
8216	1664572024	3600		262.89		  42848769		600.00
8216	1664575624	3600		263.25		  39478383		655.50
8216	1664579224	3600		263.16		  36373895		652.00
8216	1664582824	3600		263.09		  34313416		651.50
8216	1664586424	3600		263.02		  31892794		652.00
8216	1664590024	3600		262.97		  30216394		648.50
8216	1664593624	3600		262.92		  28335725		648.50
8216	1664594071	447		262.85		  26214174		648.50
-999	1664595271	1200		262.03		         0		-999.00
-999	1664598871	3600		258.63		         0		-999.00
-999	1664602471	3600		258.79		         0		-999.00
-999	1664606071	3600		258.91		         0		-999.00
-999	1664609671	3600		258.91		         0		-999.00
-999	1664613271	3600		258.86		         0		-999.00
-999	1664613949	678		258.74		         0		-999.00
8220	1664615149	1200		264.37		  71309578		691.50
8220	1664618749	3600		264.36		  88885117		614.50
8220	1664622349	3600		264.74		  82352685		689.50
8220	1664625949	3600		264.51		  76688932		688.50
8220	1664629549	3600		264.42		  73832606		683.50
8220	1664633149	3600		264.30		  69662322		681.00
8220	1664636749	3600		263.99		  65421982		668.00
8220	1664640349	3600		264.00		  61749450		674.50
8220	1664643949	3600		263.85		  58630879		673.50
8220	1664647549	3600		263.76		  55562497		669.50
8220	1664651149	3600		263.68		  52971579		668.50
8220	1664654749	3600		263.60		  50422436		669.00
8220	1664658349	3600		263.22		  44870410		651.50
8220	1664658943	594		263.31		  44287228		655.50
