Fill	Timestamp [s]	Duration [s]	Temperature [K]	Fluence [n_eq/cm2/s]	Leakage_current [mA/cm2]
8385	1668219996	1200		269.22		 170514041		1953.00
8385	1668223596	3600		268.99		 162928610		1940.00
8385	1668227196	3600		267.45		 138072808		1665.00
8385	1668230796	3600		264.89		  22647519		2010.00
8385	1668234396	3600		269.48		 179198004		1985.00
8385	1668237996	3600		269.76		 186130447		2001.00
8385	1668241596	3600		269.78		 184234292		2017.00
8385	1668245196	3600		269.55		 179145728		1986.00
8385	1668248796	3600		269.09		 166419730		1969.00
8385	1668252396	3600		268.75		 154884096		1950.00
8385	1668255996	3600		268.32		 144387198		1933.00
8385	1668259596	3600		268.03		 134700927		1938.00
8385	1668262158	2562		267.38		 116558166		1911.00
-999	1668263358	1200		260.64		         0		-999.00
-999	1668266958	3600		261.03		         0		-999.00
-999	1668270558	3600		261.07		         0		-999.00
-999	1668271844	1286		261.05		         0		-999.00
8387	1668273044	1200		269.90		 185041419		2093.00
8387	1668276644	3600		271.63		 241349781		2105.00
8387	1668280244	3600		271.80		 244223301		2126.00
8387	1668283844	3600		271.78		 244961898		2118.00
8387	1668287444	3600		271.78		 244722405		2117.00
8387	1668291044	3600		271.95		 248978939		2148.00
8387	1668294644	3600		271.53		 238964690		2108.00
8387	1668298244	3600		270.99		 222200208		2091.00
8387	1668301844	3600		270.37		 203095182		2067.00
8387	1668305444	3600		269.91		 190224954		2041.00
8387	1668309044	3600		269.43		 175472431		2030.00
8387	1668312644	3600		268.68		 151988235		2009.00
8387	1668316244	3600		268.41		 144276144		2003.00
8387	1668319844	3600		268.08		 134502438		1995.00
8387	1668323444	3600		267.86		 127165448		1976.00
8387	1668326876	3432		267.39		 119166768		1962.00
-999	1668328076	1200		260.91		         0		-999.00
-999	1668331676	3600		261.07		         0		-999.00
-999	1668335276	3600		261.29		         0		-999.00
-999	1668338876	3600		260.92		         0		-999.00
-999	1668342476	3600		261.07		         0		-999.00
-999	1668345345	2869		261.05		         0		-999.00
8389	1668346545	1200		269.89		 184199272		2115.00
8389	1668350145	3600		271.66		 241410575		2130.00
8389	1668353745	3600		271.69		 245595746		2000.00
8389	1668356676	2931		271.80		 246101528		2141.00
-999	1668357876	1200		264.20		         0		-999.00
-999	1668361476	3600		263.88		         0		-999.00
-999	1668365076	3600		263.57		         0		-999.00
-999	1668368676	3600		263.60		         0		-999.00
-999	1668372276	3600		263.60		         0		-999.00
-999	1668375876	3600		263.57		         0		-999.00
-999	1668379476	3600		263.60		         0		-999.00
-999	1668383076	3600		263.56		         0		-999.00
-999	1668386676	3600		263.60		         0		-999.00
-999	1668390276	3600		263.60		         0		-999.00
-999	1668393876	3600		263.60		         0		-999.00
-999	1668397476	3600		263.60		         0		-999.00
-999	1668401076	3600		263.64		         0		-999.00
-999	1668404676	3600		261.01		         0		-999.00
-999	1668408276	3600		261.13		         0		-999.00
-999	1668411220	2944		261.07		         0		-999.00
-999	1668412935	1200		263.64		         0		-999.00
-999	1668416535	3600		264.08		         0		-999.00
-999	1668420135	3600		263.70		         0		-999.00
-999	1668423735	3600		263.93		         0		-999.00
-999	1668427335	3600		263.66		         0		-999.00
-999	1668430935	3600		261.05		         0		-999.00
-999	1668434535	3600		261.16		         0		-999.00
-999	1668437996	3461		261.04		         0		-999.00
8395	1668439196	1200		269.39		 167874427		2097.00
8395	1668442796	3600		271.70		 242564124		2139.00
8395	1668446396	3600		271.81		 244426095		2156.00
8395	1668449996	3600		271.75		 242308381		2150.00
8395	1668453596	3600		271.46		 244889351		1943.00
8395	1668457196	3600		271.71		 242374408		2159.00
8395	1668460796	3600		271.11		 228679690		2105.00
8395	1668464396	3600		270.54		 212331830		2080.00
8395	1668467996	3600		270.13		 197590955		2074.00
8395	1668471596	3600		269.64		 182132347		2052.00
8395	1668475196	3600		269.31		 171158567		2047.00
8395	1668478796	3600		268.92		 159650812		2023.00
8395	1668482396	3600		268.65		 152179504		2019.00
8395	1668485996	3600		268.13		 139089187		1977.00
8395	1668487150	1154		267.33		 111638903		1989.00
-999	1668488350	1200		261.05		         0		-999.00
-999	1668491950	3600		260.84		         0		-999.00
-999	1668495550	3600		261.11		         0		-999.00
-999	1668499150	3600		261.11		         0		-999.00
-999	1668502750	3600		261.11		         0		-999.00
-999	1668506350	3600		261.15		         0		-999.00
-999	1668506521	171		261.15		         0		-999.00
8398	1668507721	1200		271.26		 235403483		2109.00
8398	1668511321	3600		271.98		 250417843		2143.00
8398	1668514921	3600		271.75		 246361148		2141.00
8398	1668518521	3600		271.82		 245138568		2187.00
8398	1668522121	3600		271.77		 247196163		2130.00
8398	1668525721	3600		271.51		 238307212		2159.00
8398	1668529321	3600		271.00		 223812313		2128.00
8398	1668532921	3600		270.41		 204368992		2115.00
8398	1668536521	3600		269.84		 187879435		2091.00
8398	1668540121	3600		269.43		 174200174		2069.00
8398	1668543721	3600		268.98		 161825966		2048.00
8398	1668547113	3392		268.69		 153702836		2034.00
-999	1668548313	1200		264.04		         0		-999.00
-999	1668551913	3600		261.20		         0		-999.00
-999	1668555513	3600		261.12		         0		-999.00
-999	1668557805	2292		261.04		         0		-999.00
8399	1668559005	1200		269.57		 174534481		2133.00
8399	1668562605	3600		271.47		 238754834		2152.00
8399	1668566205	3600		271.55		 239953189		2140.00
8399	1668569805	3600		271.71		 242665466		2200.00
8399	1668573405	3600		271.73		 243357902		2182.00
8399	1668577005	3600		271.60		 241284662		2195.00
8399	1668580605	3600		271.51		 238596285		2189.00
8399	1668584205	3600		270.98		 222219094		2155.00
8399	1668585618	1413		270.65		 211254265		2149.00
