Fill	Timestamp [s]	Duration [s]	Temperature [K]	Fluence [n_eq/cm2/s]	Leakage_current [mA/cm2]
8007	1658107997	1200		263.80		  16176554		1039.00
8007	1658111597	3600		263.98		  18188677		1065.00
8007	1658115197	3600		263.82		  16870547		1053.00
8007	1658118797	3600		263.99		  18554455		1061.00
8007	1658121712	2915		263.97		  18165308		1064.00
-999	1658122912	1200		263.45		         0		-999.00
-999	1658126512	3600		260.61		         0		-999.00
-999	1658130112	3600		260.56		         0		-999.00
-999	1658133712	3600		260.60		         0		-999.00
-999	1658137312	3600		260.58		         0		-999.00
-999	1658140912	3600		260.19		         0		-999.00
-999	1658144512	3600		260.51		         0		-999.00
-999	1658148112	3600		260.53		         0		-999.00
-999	1658151712	3600		260.61		         0		-999.00
-999	1658155312	3600		260.61		         0		-999.00
-999	1658158912	3600		260.67		         0		-999.00
-999	1658162512	3600		260.63		         0		-999.00
-999	1658166112	3600		260.28		         0		-999.00
-999	1658169712	3600		260.79		         0		-999.00
-999	1658173312	3600		260.62		         0		-999.00
-999	1658176912	3600		260.66		         0		-999.00
-999	1658180512	3600		260.66		         0		-999.00
-999	1658184112	3600		260.66		         0		-999.00
-999	1658187712	3600		260.43		         0		-999.00
-999	1658191312	3600		260.67		         0		-999.00
-999	1658194912	3600		260.67		         0		-999.00
-999	1658198512	3600		260.57		         0		-999.00
-999	1658202112	3600		260.71		         0		-999.00
-999	1658205712	3600		260.60		         0		-999.00
-999	1658209312	3600		260.64		         0		-999.00
-999	1658212912	3600		260.28		         0		-999.00
-999	1658216512	3600		260.57		         0		-999.00
-999	1658220112	3600		260.49		         0		-999.00
-999	1658223712	3600		260.70		         0		-999.00
-999	1658227312	3600		260.66		         0		-999.00
-999	1658230912	3600		260.39		         0		-999.00
-999	1658234512	3600		260.19		         0		-999.00
-999	1658238112	3600		260.61		         0		-999.00
-999	1658241712	3600		260.59		         0		-999.00
-999	1658245312	3600		260.21		         0		-999.00
-999	1658246879	1567		259.97		         0		-999.00
8016	1658248079	1200		264.57		  34199055		1054.00
8016	1658251679	3600		264.35		  30107766		1071.00
8016	1658255279	3600		264.47		  29059709		1107.00
8016	1658255595	316		263.59		         0		1107.00
-999	1658256795	1200		263.69		         0		-999.00
-999	1658260395	3600		260.62		         0		-999.00
-999	1658263995	3600		260.68		         0		-999.00
-999	1658264374	379		260.38		         0		-999.00
8017	1658265574	1200		264.14		  28113279		1059.00
8017	1658269174	3600		264.54		  35861435		1072.00
8017	1658272774	3600		264.58		  37418895		1074.00
8017	1658276374	3600		264.60		  37953405		1074.00
8017	1658279974	3600		264.60		  37956732		1073.00
8017	1658283574	3600		264.55		  36433563		1074.00
8017	1658287174	3600		264.55		  36341409		1076.00
8017	1658290774	3600		264.54		  35888820		1071.00
8017	1658294374	3600		264.38		  33408203		1051.00
8017	1658294511	137		263.38		         0		1051.00
-999	1658295711	1200		263.61		         0		-999.00
-999	1658299311	3600		260.44		         0		-999.00
-999	1658302911	3600		260.21		         0		-999.00
-999	1658305421	2510		260.55		         0		-999.00
8018	1658306621	1200		264.41		  35233095		1070.00
8018	1658309828	3207		264.52		  34645696		1070.00
-999	1658311028	1200		263.33		         0		-999.00
-999	1658314628	3600		260.54		         0		-999.00
-999	1658318228	3600		260.63		         0		-999.00
-999	1658319434	1206		260.71		         0		-999.00
8019	1658320634	1200		264.58		  36909747		1077.00
8019	1658324234	3600		264.43		  34885579		1073.00
8019	1658325849	1615		264.41		  34087854		1072.00
-999	1658327049	1200		263.59		         0		-999.00
-999	1658330649	3600		260.44		         0		-999.00
-999	1658334249	3600		260.63		         0		-999.00
-999	1658335709	1460		260.63		         0		-999.00
8020	1658336909	1200		264.50		  35697678		1079.00
8020	1658340509	3600		264.47		  34723914		1076.00
8020	1658344109	3600		264.44		  33686714		1074.00
8020	1658345317	1208		264.43		  33356909		1074.00
-999	1658346517	1200		263.65		         0		-999.00
-999	1658350117	3600		260.60		         0		-999.00
-999	1658353717	3600		260.46		         0		-999.00
-999	1658357317	3600		260.44		         0		-999.00
-999	1658360917	3600		260.32		         0		-999.00
-999	1658361284	367		260.32		         0		-999.00
8022	1658362484	1200		263.82		  18903778		1031.00
8022	1658366084	3600		263.32		   1073946		1042.00
8022	1658369684	3600		263.32		   1080208		1041.00
8022	1658370850	1166		263.32		   1075910		1041.00
-999	1658372050	1200		263.71		         0		-999.00
-999	1658375650	3600		260.57		         0		-999.00
-999	1658378706	3056		260.70		         0		-999.00
8023	1658379906	1200		263.63		  15326130		1021.00
8023	1658383415	3509		263.28		   1060603		1037.00
-999	1658384615	1200		260.48		         0		-999.00
-999	1658388215	3600		263.38		         0		-999.00
-999	1658391815	3600		263.75		         0		-999.00
-999	1658395415	3600		263.70		         0		-999.00
-999	1658399015	3600		260.58		         0		-999.00
-999	1658402615	3600		260.62		         0		-999.00
-999	1658406215	3600		260.53		         0		-999.00
-999	1658409815	3600		260.37		         0		-999.00
-999	1658413415	3600		260.37		         0		-999.00
-999	1658417015	3600		260.47		         0		-999.00
-999	1658420615	3600		260.28		         0		-999.00
-999	1658424215	3600		260.59		         0		-999.00
-999	1658427815	3600		260.67		         0		-999.00
-999	1658431415	3600		260.64		         0		-999.00
-999	1658435015	3600		260.66		         0		-999.00
-999	1658437329	2314		260.75		         0		-999.00
8027	1658438529	1200		264.92		  43643351		1077.00
8027	1658442129	3600		265.13		  53969034		1094.00
8027	1658445729	3600		265.18		  53958225		1096.00
8027	1658449329	3600		265.00		  49721142		1093.00
8027	1658452929	3600		264.85		  44765926		1086.00
8027	1658456529	3600		264.68		  43038973		1077.00
8027	1658460129	3600		264.52		  37674777		1075.00
8027	1658460721	592		264.55		  37459051		1083.00
-999	1658461921	1200		260.58		         0		-999.00
-999	1658465521	3600		260.63		         0		-999.00
-999	1658469121	3600		260.69		         0		-999.00
-999	1658472721	3600		260.26		         0		-999.00
-999	1658476321	3600		260.57		         0		-999.00
-999	1658479921	3600		260.61		         0		-999.00
-999	1658483521	3600		260.61		         0		-999.00
-999	1658487121	3600		260.61		         0		-999.00
-999	1658490721	3600		260.61		         0		-999.00
-999	1658494321	3600		260.61		         0		-999.00
-999	1658497921	3600		260.63		         0		-999.00
-999	1658501521	3600		260.53		         0		-999.00
-999	1658505121	3600		260.35		         0		-999.00
-999	1658505136	15		260.46		         0		-999.00
8030	1658506336	1200		265.11		  49997543		1124.00
8030	1658509936	3600		265.40		  67812632		1097.00
8030	1658510500	564		265.49		  73328669		1083.00
-999	1658511700	1200		263.50		         0		-999.00
-999	1658515300	3600		263.71		         0		-999.00
-999	1658518900	3600		263.80		         0		-999.00
-999	1658522500	3600		263.76		         0		-999.00
-999	1658526100	3600		260.49		         0		-999.00
-999	1658529700	3600		260.61		         0		-999.00
-999	1658533300	3600		260.61		         0		-999.00
-999	1658536900	3600		260.61		         0		-999.00
-999	1658540500	3600		260.61		         0		-999.00
-999	1658544100	3600		260.61		         0		-999.00
-999	1658547700	3600		260.61		         0		-999.00
-999	1658551300	3600		263.29		         0		-999.00
-999	1658554900	3600		263.78		         0		-999.00
-999	1658558500	3600		260.48		         0		-999.00
-999	1658562100	3600		260.60		         0		-999.00
-999	1658565700	3600		260.47		         0		-999.00
-999	1658569300	3600		260.67		         0		-999.00
-999	1658572894	3594		260.71		         0		-999.00
8033	1658574094	1200		265.56		  65705381		1120.00
8033	1658577694	3600		265.52		  64038824		1118.00
8033	1658581294	3600		265.62		  67358151		1120.00
8033	1658584894	3600		265.44		  67888809		1104.00
8033	1658588494	3600		265.59		  68729309		1109.00
8033	1658592094	3600		265.52		  69216459		1103.00
8033	1658595694	3600		265.43		  63849282		1109.00
8033	1658599294	3600		265.44		  64172977		1107.00
8033	1658602894	3600		265.14		  57751042		1091.00
8033	1658603069	175		264.92		  52011713		408.50
