Fill	Timestamp [s]	Duration [s]	Temperature [K]	Fluence [n_eq/cm2/s]	Leakage_current [mA/cm2]
8027	1658438529	1200		264.92		  43643351		1077.00
8027	1658442129	3600		265.13		  53969034		1094.00
8027	1658445729	3600		265.18		  53958225		1096.00
8027	1658449329	3600		265.00		  49721142		1093.00
8027	1658452929	3600		264.85		  44765926		1086.00
8027	1658456529	3600		264.68		  43038973		1077.00
8027	1658460129	3600		264.52		  37674777		1075.00
8027	1658460721	592		264.55		  37459051		1083.00
-999	1658461921	1200		260.58		         0		-999.00
-999	1658465521	3600		260.63		         0		-999.00
-999	1658469121	3600		260.69		         0		-999.00
-999	1658472721	3600		260.26		         0		-999.00
-999	1658476321	3600		260.57		         0		-999.00
-999	1658479921	3600		260.61		         0		-999.00
-999	1658483521	3600		260.61		         0		-999.00
-999	1658487121	3600		260.61		         0		-999.00
-999	1658490721	3600		260.61		         0		-999.00
-999	1658494321	3600		260.61		         0		-999.00
-999	1658497921	3600		260.63		         0		-999.00
-999	1658501521	3600		260.53		         0		-999.00
-999	1658505121	3600		260.35		         0		-999.00
-999	1658505136	15		260.46		         0		-999.00
8030	1658506336	1200		265.11		  49997543		1124.00
8030	1658509936	3600		265.40		  67812632		1097.00
8030	1658510500	564		265.49		  73328669		1083.00
-999	1658511700	1200		263.50		         0		-999.00
-999	1658515300	3600		263.71		         0		-999.00
-999	1658518900	3600		263.80		         0		-999.00
-999	1658522500	3600		263.76		         0		-999.00
-999	1658526100	3600		260.49		         0		-999.00
-999	1658529700	3600		260.61		         0		-999.00
-999	1658533300	3600		260.61		         0		-999.00
-999	1658536900	3600		260.61		         0		-999.00
-999	1658540500	3600		260.61		         0		-999.00
-999	1658544100	3600		260.61		         0		-999.00
-999	1658547700	3600		260.61		         0		-999.00
-999	1658551300	3600		263.29		         0		-999.00
-999	1658554900	3600		263.78		         0		-999.00
-999	1658558500	3600		260.48		         0		-999.00
-999	1658562100	3600		260.60		         0		-999.00
-999	1658565700	3600		260.47		         0		-999.00
-999	1658569300	3600		260.67		         0		-999.00
-999	1658572894	3594		260.71		         0		-999.00
8033	1658574094	1200		265.56		  65705381		1120.00
8033	1658577694	3600		265.52		  64038824		1118.00
8033	1658581294	3600		265.62		  67358151		1120.00
8033	1658584894	3600		265.44		  67888809		1104.00
8033	1658588494	3600		265.59		  68729309		1109.00
8033	1658592094	3600		265.52		  69216459		1103.00
8033	1658595694	3600		265.43		  63849282		1109.00
8033	1658599294	3600		265.44		  64172977		1107.00
8033	1658602894	3600		265.14		  57751042		1091.00
8033	1658603069	175		264.92		  52011713		408.50
-999	1658604269	1200		260.64		         0		-999.00
-999	1658607869	3600		263.48		         0		-999.00
-999	1658611469	3600		263.63		         0		-999.00
-999	1658615069	3600		263.63		         0		-999.00
-999	1658618669	3600		263.71		         0		-999.00
-999	1658622269	3600		263.71		         0		-999.00
-999	1658625869	3600		263.71		         0		-999.00
-999	1658629469	3600		263.75		         0		-999.00
-999	1658633069	3600		263.75		         0		-999.00
-999	1658636669	3600		263.75		         0		-999.00
-999	1658640269	3600		263.75		         0		-999.00
-999	1658643869	3600		263.53		         0		-999.00
-999	1658647469	3600		263.53		         0		-999.00
-999	1658651069	3600		263.72		         0		-999.00
-999	1658654669	3600		263.84		         0		-999.00
-999	1658658269	3600		263.77		         0		-999.00
-999	1658661869	3600		263.81		         0		-999.00
-999	1658665469	3600		263.77		         0		-999.00
-999	1658669069	3600		263.77		         0		-999.00
-999	1658672669	3600		263.77		         0		-999.00
-999	1658676269	3600		263.84		         0		-999.00
-999	1658679869	3600		263.77		         0		-999.00
-999	1658683469	3600		260.57		         0		-999.00
-999	1658687069	3600		260.65		         0		-999.00
-999	1658690669	3600		260.54		         0		-999.00
-999	1658694269	3600		260.65		         0		-999.00
-999	1658697869	3600		260.62		         0		-999.00
-999	1658701469	3600		260.58		         0		-999.00
-999	1658705069	3600		260.58		         0		-999.00
-999	1658708669	3600		260.58		         0		-999.00
-999	1658712269	3600		260.62		         0		-999.00
-999	1658715869	3600		260.62		         0		-999.00
-999	1658719469	3600		260.58		         0		-999.00
-999	1658723069	3600		260.60		         0		-999.00
-999	1658726669	3600		260.64		         0		-999.00
-999	1658730269	3600		260.41		         0		-999.00
-999	1658733869	3600		260.57		         0		-999.00
-999	1658737469	3600		260.49		         0		-999.00
-999	1658739934	2465		260.72		         0		-999.00
-999	1658742177	1200		263.75		         0		-999.00
-999	1658745777	3600		263.69		         0		-999.00
-999	1658749377	3600		263.69		         0		-999.00
-999	1658752977	3600		263.47		         0		-999.00
-999	1658756577	3600		263.20		         0		-999.00
-999	1658760177	3600		263.72		         0		-999.00
-999	1658763777	3600		263.32		         0		-999.00
-999	1658763829	52		263.32		         0		-999.00
8046	1658765029	1200		265.48		  64711205		1118.00
8046	1658768629	3600		265.79		  78113234		1125.00
8046	1658771734	3105		265.93		  84187436		1050.00
-999	1658772934	1200		263.48		         0		-999.00
-999	1658776534	3600		260.70		         0		-999.00
-999	1658780134	3600		260.65		         0		-999.00
-999	1658783734	3600		260.62		         0		-999.00
-999	1658787334	3600		260.62		         0		-999.00
-999	1658790934	3600		260.64		         0		-999.00
-999	1658794534	3600		260.65		         0		-999.00
-999	1658798134	3600		260.65		         0		-999.00
-999	1658801734	3600		260.65		         0		-999.00
-999	1658805334	3600		263.79		         0		-999.00
-999	1658808934	3600		263.83		         0		-999.00
-999	1658812534	3600		263.57		         0		-999.00
-999	1658816134	3600		263.37		         0		-999.00
-999	1658819734	3600		263.44		         0		-999.00
-999	1658823334	3600		263.67		         0		-999.00
-999	1658826934	3600		263.67		         0		-999.00
-999	1658830534	3600		263.67		         0		-999.00
-999	1658834134	3600		263.46		         0		-999.00
-999	1658837734	3600		263.90		         0		-999.00
-999	1658841334	3600		263.82		         0		-999.00
-999	1658844934	3600		263.77		         0		-999.00
-999	1658848534	3600		263.81		         0		-999.00
-999	1658852134	3600		263.49		         0		-999.00
-999	1658855734	3600		263.77		         0		-999.00
-999	1658859334	3600		263.78		         0		-999.00
-999	1658862934	3600		260.62		         0		-999.00
-999	1658866534	3600		260.59		         0		-999.00
-999	1658870134	3600		260.47		         0		-999.00
-999	1658873734	3600		260.64		         0		-999.00
-999	1658877334	3600		260.67		         0		-999.00
-999	1658880934	3600		260.67		         0		-999.00
-999	1658884534	3600		260.63		         0		-999.00
-999	1658888134	3600		260.67		         0		-999.00
-999	1658891734	3600		260.64		         0		-999.00
-999	1658895334	3600		263.73		         0		-999.00
-999	1658898934	3600		263.80		         0		-999.00
-999	1658902534	3600		263.79		         0		-999.00
-999	1658906134	3600		263.78		         0		-999.00
-999	1658909734	3600		263.78		         0		-999.00
-999	1658913334	3600		263.76		         0		-999.00
-999	1658916934	3600		263.47		         0		-999.00
-999	1658920534	3600		260.38		         0		-999.00
-999	1658924134	3600		260.59		         0		-999.00
-999	1658927734	3600		260.51		         0		-999.00
-999	1658931334	3600		260.50		         0		-999.00
-999	1658934934	3600		260.70		         0		-999.00
-999	1658937298	2364		260.27		         0		-999.00
8057	1658938498	1200		265.44		  60490114		1113.00
8057	1658940388	1890		264.87		  47902933		1101.00
-999	1658941588	1200		263.25		         0		-999.00
-999	1658945188	3600		260.63		         0		-999.00
-999	1658948788	3600		260.55		         0		-999.00
-999	1658950746	1958		260.78		         0		-999.00
8058	1658951946	1200		264.52		  36227742		1089.00
8058	1658955104	3158		260.03		  36849389		 10.50
-999	1658956304	1200		260.68		         0		-999.00
-999	1658959904	3600		260.58		         0		-999.00
-999	1658962740	2836		260.73		         0		-999.00
8059	1658963940	1200		265.50		  64642860		1121.00
8059	1658967540	3600		265.52		  66272670		1112.00
8059	1658971140	3600		265.52		  65157223		1123.00
8059	1658974740	3600		265.55		  66177800		1116.00
8059	1658978340	3600		265.54		  65890211		1117.00
8059	1658980880	2540		265.57		  66745936		1117.00
-999	1658982080	1200		263.52		         0		-999.00
-999	1658985680	3600		263.55		         0		-999.00
-999	1658989280	3600		263.64		         0		-999.00
-999	1658992880	3600		263.44		         0		-999.00
-999	1658996480	3600		260.49		         0		-999.00
-999	1659000080	3600		260.58		         0		-999.00
-999	1659003680	3600		260.52		         0		-999.00
-999	1659007280	3600		260.23		         0		-999.00
-999	1659010880	3600		260.46		         0		-999.00
-999	1659014480	3600		260.59		         0		-999.00
-999	1659018080	3600		260.70		         0		-999.00
-999	1659019546	1466		260.83		         0		-999.00
-999	1659021637	1200		263.67		         0		-999.00
-999	1659025237	3600		260.69		         0		-999.00
-999	1659027819	2582		260.74		         0		-999.00
8063	1659029019	1200		265.66		  67900792		1141.00
8063	1659032619	3600		266.15		  82708963		1152.00
8063	1659036219	3600		266.08		  81444679		1147.00
8063	1659039819	3600		266.11		  81608819		1140.00
8063	1659043419	3600		265.87		  74910341		1139.00
8063	1659047019	3600		265.76		  71083466		1134.00
8063	1659050619	3600		265.62		  66519776		1124.00
8063	1659054219	3600		265.45		  62320578		1121.00
8063	1659057819	3600		265.36		  59237143		1121.00
8063	1659061419	3600		265.25		  55702959		1118.00
8063	1659065019	3600		265.14		  53127357		1109.00
8063	1659068619	3600		264.84		  50414350		1060.00
8063	1659072219	3600		264.81		  43217636		1099.00
8063	1659072807	588		264.83		  43738226		1103.00
-999	1659074007	1200		263.42		         0		-999.00
-999	1659077607	3600		260.49		         0		-999.00
-999	1659081207	3600		260.55		         0		-999.00
-999	1659084807	3600		260.62		         0		-999.00
-999	1659088407	3600		260.66		         0		-999.00
-999	1659092007	3600		260.66		         0		-999.00
-999	1659095364	3357		260.82		         0		-999.00
8067	1659096564	1200		266.00		  82720902		1080.00
8067	1659100164	3600		266.17		  85963524		1148.00
8067	1659103764	3600		266.50		  94131557		1164.00
8067	1659107364	3600		266.50		  94269704		1160.00
8067	1659110964	3600		266.52		  95150403		1160.00
8067	1659114564	3600		266.32		  88709768		1152.00
8067	1659116576	2012		266.18		  86744757		1148.00
-999	1659117776	1200		263.33		         0		-999.00
-999	1659121376	3600		260.48		         0		-999.00
-999	1659124976	3600		260.67		         0		-999.00
-999	1659125085	109		260.37		         0		-999.00
8068	1659126285	1200		266.18		  82665710		1167.00
8068	1659129885	3600		266.23		  87637964		1146.00
8068	1659133485	3600		266.38		  88689424		1164.00
8068	1659137085	3600		266.30		  86046272		1169.00
8068	1659139547	2462		266.46		  92335963		1167.00
