Fill	Timestamp [s]	Duration [s]	Temperature [K]	Fluence [n_eq/cm2/s]	Leakage_current [mA/cm2]
8146	1660983654	1200		269.51		 178803646		1500.00
8146	1660987254	3600		270.97		 227412772		1505.00
8146	1660990854	3600		270.77		 219786337		1504.00
8146	1660994454	3600		270.36		 206987774		1506.00
8146	1660998054	3600		269.96		 194904681		1491.00
8146	1661001654	3600		269.52		 181694008		1478.00
8146	1661005254	3600		269.15		 170789786		1468.00
8146	1661008854	3600		268.72		 158992229		1455.00
8146	1661012454	3600		268.41		 150055478		1442.00
8146	1661016054	3600		268.15		 141374674		1439.00
8146	1661019654	3600		267.33		 131552034		1259.00
8146	1661019702	48		263.39		         0		1260.00
-999	1661020902	1200		263.58		         0		-999.00
-999	1661024502	3600		260.31		         0		-999.00
-999	1661028102	3600		260.38		         0		-999.00
-999	1661028714	612		260.42		         0		-999.00
8147	1661029914	1200		268.80		 161570813		1467.00
8147	1661033514	3600		270.51		 213938487		1513.00
8147	1661037114	3600		270.45		 209522402		1522.00
8147	1661040714	3600		270.07		 198178605		1504.00
8147	1661044314	3600		269.03		 183999671		1300.00
8147	1661046507	2193		268.82		 176102505		1311.00
-999	1661047707	1200		263.45		         0		-999.00
-999	1661051307	3600		263.43		         0		-999.00
-999	1661054907	3600		260.66		         0		-999.00
-999	1661058507	3600		260.66		         0		-999.00
-999	1661059605	1098		260.56		         0		-999.00
8148	1661060805	1200		269.64		 179890320		1540.00
8148	1661064405	3600		271.16		 228116874		1569.00
8148	1661068005	3600		270.83		 226127201		1521.00
8148	1661071605	3600		270.21		 208072319		1489.00
8148	1661075205	3600		269.84		 191856900		1503.00
8148	1661078805	3600		269.44		 179646771		1487.00
8148	1661082405	3600		269.05		 167999746		1484.00
8148	1661086005	3600		268.77		 155944343		1497.00
8148	1661089605	3600		268.30		 146725950		1453.00
8148	1661093205	3600		268.02		 137429423		1460.00
8148	1661096805	3600		267.67		 131410370		1434.00
8148	1661097130	325		267.40		 118415858		1451.00
-999	1661098330	1200		263.45		         0		-999.00
-999	1661101930	3600		260.69		         0		-999.00
-999	1661105530	3600		260.76		         0		-999.00
-999	1661108318	2788		260.78		         0		-999.00
8149	1661109518	1200		269.01		 164820753		1519.00
8149	1661113118	3600		270.43		 205820175		1550.00
8149	1661116718	3600		269.93		 202242236		1480.00
8149	1661120318	3600		269.75		 186362316		1540.00
8149	1661123918	3600		269.74		 188455955		1516.00
8149	1661127518	3600		269.44		 176692959		1521.00
8149	1661131118	3600		269.03		 166465039		1503.00
8149	1661134718	3600		268.65		 156579251		1494.00
8149	1661138318	3600		268.35		 146681914		1475.00
8149	1661141918	3600		268.11		 138969998		1472.00
8149	1661145518	3600		267.89		 131691184		1461.00
8149	1661149118	3600		267.62		 124224545		1464.00
8149	1661152718	3600		267.42		 118687955		1461.00
8149	1661156318	3600		267.19		 112316222		1446.00
8149	1661159918	3600		266.98		 106573362		1439.00
8149	1661163180	3262		266.87		 102743003		1431.00
-999	1661164380	1200		260.62		         0		-999.00
-999	1661167980	3600		260.93		         0		-999.00
-999	1661171580	3600		263.45		         0		-999.00
-999	1661175180	3600		263.16		         0		-999.00
-999	1661178780	3600		263.43		         0		-999.00
-999	1661182380	3600		263.43		         0		-999.00
-999	1661185980	3600		263.55		         0		-999.00
-999	1661189580	3600		263.46		         0		-999.00
-999	1661193180	3600		260.55		         0		-999.00
-999	1661196780	3600		260.61		         0		-999.00
-999	1661200380	3600		260.67		         0		-999.00
-999	1661203980	3600		260.51		         0		-999.00
-999	1661204434	454		260.51		         0		-999.00
8151	1661205634	1200		267.42		 128122294		1378.00
8151	1661209234	3600		269.83		 189243978		1543.00
8151	1661212834	3600		269.92		 204998276		1467.00
8151	1661216434	3600		270.22		 202491730		1561.00
8151	1661220034	3600		270.09		 198317580		1551.00
8151	1661223634	3600		269.77		 187864664		1539.00
8151	1661227234	3600		269.34		 176305015		1515.00
8151	1661230834	3600		268.95		 163303361		1517.00
8151	1661234434	3600		268.61		 153586640		1506.00
8151	1661238034	3600		268.31		 144307862		1508.00
8151	1661241634	3600		267.97		 134441907		1487.00
8151	1661245234	3600		267.65		 126110248		1489.00
8151	1661248834	3600		260.29		 110238976		 10.50
8151	1661249130	296		260.09		 120392111		 10.50
-999	1661250330	1200		260.45		         0		-999.00
-999	1661253930	3600		263.36		         0		-999.00
-999	1661257530	3600		263.44		         0		-999.00
-999	1661261130	3600		263.23		         0		-999.00
-999	1661264730	3600		263.86		         0		-999.00
-999	1661268330	3600		263.66		         0		-999.00
-999	1661271930	3600		263.47		         0		-999.00
-999	1661275530	3600		263.57		         0		-999.00
-999	1661279130	3600		263.50		         0		-999.00
-999	1661282730	3600		263.54		         0		-999.00
-999	1661286330	3600		263.54		         0		-999.00
-999	1661289930	3600		263.54		         0		-999.00
-999	1661293530	3600		263.54		         0		-999.00
-999	1661297130	3600		263.58		         0		-999.00
-999	1661300730	3600		263.58		         0		-999.00
-999	1661304330	3600		263.58		         0		-999.00
-999	1661307930	3600		263.62		         0		-999.00
-999	1661311530	3600		263.62		         0		-999.00
-999	1661315130	3600		263.63		         0		-999.00
-999	1661318730	3600		263.56		         0		-999.00
-999	1661322330	3600		263.83		         0		-999.00
-999	1661325930	3600		263.83		         0		-999.00
-999	1661329530	3600		263.83		         0		-999.00
-999	1661333130	3600		263.83		         0		-999.00
-999	1661336730	3600		263.83		         0		-999.00
-999	1661340330	3600		263.83		         0		-999.00
-999	1661343930	3600		263.83		         0		-999.00
-999	1661347530	3600		263.57		         0		-999.00
-999	1661351130	3600		263.69		         0		-999.00
-999	1661354730	3600		263.69		         0		-999.00
-999	1661358330	3600		263.59		         0		-999.00
-999	1661361930	3600		263.69		         0		-999.00
-999	1661365530	3600		263.45		         0		-999.00
-999	1661369130	3600		263.69		         0		-999.00
-999	1661372730	3600		263.69		         0		-999.00
-999	1661376330	3600		263.69		         0		-999.00
-999	1661379930	3600		263.69		         0		-999.00
-999	1661383530	3600		263.69		         0		-999.00
-999	1661387130	3600		263.77		         0		-999.00
-999	1661390730	3600		263.70		         0		-999.00
-999	1661394330	3600		263.70		         0		-999.00
-999	1661397930	3600		263.60		         0		-999.00
-999	1661401530	3600		263.78		         0		-999.00
-999	1661405130	3600		263.78		         0		-999.00
-999	1661408730	3600		263.71		         0		-999.00
-999	1661412330	3600		263.80		         0		-999.00
-999	1661415930	3600		263.80		         0		-999.00
-999	1661419530	3600		263.83		         0		-999.00
-999	1661423130	3600		263.85		         0		-999.00
-999	1661426730	3600		263.81		         0		-999.00
-999	1661430330	3600		263.68		         0		-999.00
-999	1661433930	3600		263.80		         0		-999.00
-999	1661437530	3600		263.59		         0		-999.00
-999	1661441130	3600		263.83		         0		-999.00
-999	1661444730	3600		263.73		         0		-999.00
-999	1661448330	3600		263.81		         0		-999.00
-999	1661451930	3600		263.81		         0		-999.00
-999	1661455530	3600		263.81		         0		-999.00
-999	1661459130	3600		263.81		         0		-999.00
-999	1661462730	3600		263.79		         0		-999.00
-999	1661466330	3600		263.83		         0		-999.00
-999	1661469930	3600		263.83		         0		-999.00
-999	1661473530	3600		263.83		         0		-999.00
-999	1661477130	3600		263.83		         0		-999.00
-999	1661480730	3600		263.83		         0		-999.00
-999	1661484330	3600		263.83		         0		-999.00
-999	1661487930	3600		263.83		         0		-999.00
-999	1661491530	3600		263.87		         0		-999.00
-999	1661495130	3600		263.59		         0		-999.00
-999	1661498730	3600		263.95		         0		-999.00
-999	1661502330	3600		263.83		         0		-999.00
-999	1661505930	3600		263.83		         0		-999.00
-999	1661509530	3600		263.83		         0		-999.00
-999	1661513130	3600		263.95		         0		-999.00
-999	1661516730	3600		263.91		         0		-999.00
-999	1661520330	3600		263.75		         0		-999.00
-999	1661523930	3600		263.75		         0		-999.00
-999	1661527530	3600		263.83		         0		-999.00
-999	1661531130	3600		263.87		         0		-999.00
-999	1661534730	3600		263.87		         0		-999.00
-999	1661538330	3600		263.87		         0		-999.00
-999	1661541930	3600		263.91		         0		-999.00
-999	1661545530	3600		263.87		         0		-999.00
-999	1661549130	3600		263.87		         0		-999.00
-999	1661552730	3600		263.91		         0		-999.00
-999	1661556330	3600		263.87		         0		-999.00
-999	1661559930	3600		263.87		         0		-999.00
-999	1661563530	3600		263.87		         0		-999.00
-999	1661567130	3600		263.87		         0		-999.00
-999	1661570730	3600		263.87		         0		-999.00
-999	1661574330	3600		263.87		         0		-999.00
-999	1661577930	3600		263.91		         0		-999.00
-999	1661581530	3600		263.87		         0		-999.00
-999	1661585130	3600		263.91		         0		-999.00
-999	1661588730	3600		263.91		         0		-999.00
-999	1661592330	3600		263.91		         0		-999.00
-999	1661595930	3600		263.91		         0		-999.00
-999	1661599530	3600		263.91		         0		-999.00
-999	1661603130	3600		263.87		         0		-999.00
-999	1661606730	3600		263.87		         0		-999.00
-999	1661610330	3600		263.87		         0		-999.00
-999	1661613930	3600		263.95		         0		-999.00
-999	1661617530	3600		263.91		         0		-999.00
-999	1661621130	3600		263.91		         0		-999.00
-999	1661624730	3600		263.95		         0		-999.00
-999	1661628330	3600		263.91		         0		-999.00
-999	1661631930	3600		263.91		         0		-999.00
-999	1661635530	3600		263.98		         0		-999.00
-999	1661639130	3600		263.95		         0		-999.00
-999	1661642730	3600		263.91		         0		-999.00
-999	1661646330	3600		263.87		         0		-999.00
-999	1661649930	3600		263.95		         0		-999.00
-999	1661653530	3600		263.87		         0		-999.00
-999	1661657130	3600		263.91		         0		-999.00
-999	1661660730	3600		263.91		         0		-999.00
-999	1661664330	3600		263.98		         0		-999.00
-999	1661667930	3600		263.94		         0		-999.00
-999	1661671530	3600		263.89		         0		-999.00
-999	1661675130	3600		263.89		         0		-999.00
-999	1661678730	3600		263.93		         0		-999.00
-999	1661682330	3600		263.89		         0		-999.00
-999	1661685930	3600		263.89		         0		-999.00
-999	1661689530	3600		263.88		         0		-999.00
-999	1661693130	3600		263.73		         0		-999.00
-999	1661696730	3600		263.89		         0		-999.00
-999	1661700330	3600		263.92		         0		-999.00
-999	1661703930	3600		263.89		         0		-999.00
-999	1661707530	3600		263.96		         0		-999.00
-999	1661711130	3600		263.89		         0		-999.00
-999	1661714730	3600		263.92		         0		-999.00
-999	1661718330	3600		263.89		         0		-999.00
-999	1661721930	3600		263.89		         0		-999.00
-999	1661725530	3600		263.92		         0		-999.00
-999	1661729130	3600		263.92		         0		-999.00
-999	1661732730	3600		263.92		         0		-999.00
-999	1661736330	3600		263.92		         0		-999.00
-999	1661739930	3600		263.92		         0		-999.00
-999	1661743530	3600		263.96		         0		-999.00
-999	1661747130	3600		263.92		         0		-999.00
-999	1661750730	3600		263.79		         0		-999.00
-999	1661754330	3600		263.99		         0		-999.00
-999	1661757930	3600		263.75		         0		-999.00
-999	1661761530	3600		263.64		         0		-999.00
-999	1661765130	3600		263.91		         0		-999.00
-999	1661768730	3600		263.95		         0		-999.00
-999	1661772330	3600		263.91		         0		-999.00
-999	1661775930	3600		263.73		         0		-999.00
-999	1661779530	3600		263.96		         0		-999.00
-999	1661783130	3600		263.96		         0		-999.00
-999	1661786730	3600		263.90		         0		-999.00
-999	1661790330	3600		263.50		         0		-999.00
-999	1661793930	3600		263.88		         0		-999.00
-999	1661797530	3600		263.92		         0		-999.00
-999	1661801130	3600		263.88		         0		-999.00
-999	1661804730	3600		263.92		         0		-999.00
-999	1661808330	3600		263.92		         0		-999.00
-999	1661811930	3600		263.92		         0		-999.00
-999	1661815530	3600		263.92		         0		-999.00
-999	1661819130	3600		263.92		         0		-999.00
-999	1661822730	3600		263.92		         0		-999.00
-999	1661826330	3600		263.88		         0		-999.00
-999	1661829930	3600		263.99		         0		-999.00
-999	1661833530	3600		263.90		         0		-999.00
-999	1661837130	3600		263.88		         0		-999.00
-999	1661840730	3600		260.45		         0		-999.00
-999	1661844330	3600		256.25		         0		-999.00
-999	1661847930	3600		256.33		         0		-999.00
-999	1661851530	3600		261.55		         0		-999.00
-999	1661855130	3600		261.63		         0		-999.00
-999	1661858730	3600		264.39		         0		-999.00
-999	1661862330	3600		263.86		         0		-999.00
-999	1661865930	3600		263.86		         0		-999.00
-999	1661869530	3600		255.28		         0		-999.00
-999	1661873130	3600		255.56		         0		-999.00
-999	1661876730	3600		255.79		         0		-999.00
-999	1661880330	3600		255.41		         0		-999.00
-999	1661883930	3600		255.37		         0		-999.00
-999	1661887530	3600		255.37		         0		-999.00
-999	1661891130	3600		255.63		         0		-999.00
-999	1661894730	3600		255.47		         0		-999.00
-999	1661898330	3600		255.83		         0		-999.00
-999	1661901930	3600		255.47		         0		-999.00
-999	1661905530	3600		255.66		         0		-999.00
-999	1661909130	3600		255.68		         0		-999.00
-999	1661912730	3600		255.47		         0		-999.00
-999	1661916330	3600		265.99		         0		-999.00
-999	1661919930	3600		277.30		         0		-999.00
-999	1661923530	3600		283.38		         0		-999.00
-999	1661927130	3600		284.95		         0		-999.00
-999	1661930730	3600		285.87		         0		-999.00
-999	1661934330	3600		286.63		         0		-999.00
-999	1661937930	3600		286.71		         0		-999.00
-999	1661941530	3600		286.63		         0		-999.00
-999	1661945130	3600		286.51		         0		-999.00
-999	1661948730	3600		286.51		         0		-999.00
-999	1661952330	3600		286.51		         0		-999.00
-999	1661955930	3600		286.51		         0		-999.00
-999	1661959530	3600		286.51		         0		-999.00
-999	1661963130	3600		286.51		         0		-999.00
-999	1661966730	3600		286.51		         0		-999.00
-999	1661970330	3600		286.51		         0		-999.00
-999	1661973930	3600		286.51		         0		-999.00
-999	1661977530	3600		286.51		         0		-999.00
-999	1661981130	3600		286.51		         0		-999.00
-999	1661984730	3600		286.51		         0		-999.00
-999	1661988330	3600		286.51		         0		-999.00
-999	1661991930	3600		286.51		         0		-999.00
-999	1661995530	3600		286.51		         0		-999.00
-999	1661999130	3600		286.51		         0		-999.00
-999	1662002730	3600		286.51		         0		-999.00
-999	1662006330	3600		286.51		         0		-999.00
-999	1662009930	3600		286.51		         0		-999.00
-999	1662013530	3600		286.51		         0		-999.00
-999	1662017130	3600		286.51		         0		-999.00
-999	1662020730	3600		286.51		         0		-999.00
-999	1662024330	3600		286.51		         0		-999.00
-999	1662027930	3600		286.63		         0		-999.00
-999	1662031530	3600		286.71		         0		-999.00
-999	1662035130	3600		286.63		         0		-999.00
-999	1662038730	3600		286.63		         0		-999.00
-999	1662042330	3600		286.63		         0		-999.00
-999	1662045930	3600		286.55		         0		-999.00
-999	1662049530	3600		286.51		         0		-999.00
-999	1662053130	3600		286.51		         0		-999.00
-999	1662056730	3600		286.51		         0		-999.00
-999	1662060330	3600		286.51		         0		-999.00
-999	1662063930	3600		286.51		         0		-999.00
-999	1662067530	3600		286.51		         0		-999.00
-999	1662071130	3600		286.51		         0		-999.00
-999	1662074730	3600		286.51		         0		-999.00
-999	1662078330	3600		286.51		         0		-999.00
-999	1662081930	3600		286.51		         0		-999.00
-999	1662085530	3600		286.51		         0		-999.00
-999	1662089130	3600		286.51		         0		-999.00
-999	1662092730	3600		286.51		         0		-999.00
-999	1662096330	3600		286.51		         0		-999.00
-999	1662099930	3600		286.51		         0		-999.00
-999	1662103530	3600		286.51		         0		-999.00
-999	1662107130	3600		286.51		         0		-999.00
-999	1662110730	3600		286.51		         0		-999.00
-999	1662114330	3600		286.51		         0		-999.00
-999	1662117930	3600		286.51		         0		-999.00
-999	1662121530	3600		286.51		         0		-999.00
-999	1662125130	3600		286.51		         0		-999.00
-999	1662128730	3600		286.51		         0		-999.00
-999	1662132330	3600		286.51		         0		-999.00
-999	1662135930	3600		286.51		         0		-999.00
-999	1662139530	3600		286.51		         0		-999.00
-999	1662143130	3600		286.51		         0		-999.00
-999	1662146730	3600		286.51		         0		-999.00
-999	1662150330	3600		286.51		         0		-999.00
-999	1662153930	3600		286.51		         0		-999.00
-999	1662157530	3600		286.51		         0		-999.00
-999	1662161130	3600		286.51		         0		-999.00
-999	1662164730	3600		286.51		         0		-999.00
-999	1662168330	3600		286.47		         0		-999.00
-999	1662171930	3600		286.47		         0		-999.00
-999	1662175530	3600		286.47		         0		-999.00
-999	1662179130	3600		286.47		         0		-999.00
-999	1662182730	3600		286.47		         0		-999.00
-999	1662186330	3600		286.47		         0		-999.00
-999	1662189930	3600		286.47		         0		-999.00
-999	1662193530	3600		286.47		         0		-999.00
-999	1662197130	3600		286.47		         0		-999.00
-999	1662200730	3600		286.47		         0		-999.00
-999	1662204330	3600		286.47		         0		-999.00
-999	1662207930	3600		286.47		         0		-999.00
-999	1662211530	3600		286.47		         0		-999.00
-999	1662215130	3600		286.47		         0		-999.00
-999	1662218730	3600		286.47		         0		-999.00
-999	1662222330	3600		286.47		         0		-999.00
-999	1662225930	3600		286.47		         0		-999.00
-999	1662229530	3600		286.47		         0		-999.00
-999	1662233130	3600		286.47		         0		-999.00
-999	1662236730	3600		286.47		         0		-999.00
-999	1662240330	3600		286.47		         0		-999.00
-999	1662243930	3600		286.47		         0		-999.00
-999	1662247530	3600		286.47		         0		-999.00
-999	1662251130	3600		286.47		         0		-999.00
-999	1662254730	3600		286.47		         0		-999.00
-999	1662258330	3600		286.47		         0		-999.00
-999	1662261930	3600		286.47		         0		-999.00
-999	1662265530	3600		286.47		         0		-999.00
-999	1662269130	3600		286.47		         0		-999.00
-999	1662272730	3600		286.51		         0		-999.00
-999	1662276330	3600		286.51		         0		-999.00
-999	1662279930	3600		286.51		         0		-999.00
-999	1662283530	3600		286.51		         0		-999.00
-999	1662287130	3600		286.51		         0		-999.00
-999	1662290730	3600		286.51		         0		-999.00
-999	1662294330	3600		286.51		         0		-999.00
-999	1662297930	3600		286.51		         0		-999.00
-999	1662301530	3600		286.51		         0		-999.00
-999	1662305130	3600		286.51		         0		-999.00
-999	1662308730	3600		286.51		         0		-999.00
-999	1662312330	3600		286.51		         0		-999.00
-999	1662315930	3600		286.51		         0		-999.00
-999	1662319530	3600		286.51		         0		-999.00
-999	1662323130	3600		286.51		         0		-999.00
-999	1662326730	3600		286.51		         0		-999.00
-999	1662330330	3600		286.51		         0		-999.00
-999	1662333930	3600		286.51		         0		-999.00
-999	1662337530	3600		286.51		         0		-999.00
-999	1662341130	3600		286.51		         0		-999.00
-999	1662344730	3600		286.51		         0		-999.00
-999	1662348330	3600		286.51		         0		-999.00
-999	1662351930	3600		286.51		         0		-999.00
-999	1662355530	3600		286.51		         0		-999.00
-999	1662359130	3600		286.51		         0		-999.00
-999	1662362730	3600		286.51		         0		-999.00
-999	1662366330	3600		286.51		         0		-999.00
-999	1662369930	3600		286.51		         0		-999.00
-999	1662373530	3600		286.47		         0		-999.00
-999	1662377130	3600		286.47		         0		-999.00
-999	1662380730	3600		286.47		         0		-999.00
-999	1662384330	3600		286.47		         0		-999.00
-999	1662387930	3600		286.47		         0		-999.00
-999	1662391530	3600		286.47		         0		-999.00
-999	1662395130	3600		286.47		         0		-999.00
-999	1662398730	3600		286.47		         0		-999.00
-999	1662402330	3600		286.47		         0		-999.00
-999	1662405930	3600		286.47		         0		-999.00
-999	1662409530	3600		286.47		         0		-999.00
-999	1662413130	3600		286.44		         0		-999.00
-999	1662416730	3600		286.44		         0		-999.00
-999	1662420330	3600		286.44		         0		-999.00
-999	1662423930	3600		286.44		         0		-999.00
-999	1662427530	3600		286.44		         0		-999.00
-999	1662431130	3600		286.44		         0		-999.00
-999	1662434730	3600		286.44		         0		-999.00
-999	1662438330	3600		286.44		         0		-999.00
-999	1662441930	3600		286.44		         0		-999.00
-999	1662445530	3600		286.44		         0		-999.00
-999	1662449130	3600		286.51		         0		-999.00
-999	1662452730	3600		286.51		         0		-999.00
-999	1662456330	3600		286.51		         0		-999.00
-999	1662459930	3600		286.51		         0		-999.00
-999	1662463530	3600		286.51		         0		-999.00
-999	1662467130	3600		286.51		         0		-999.00
-999	1662470730	3600		286.51		         0		-999.00
-999	1662474330	3600		286.51		         0		-999.00
-999	1662477930	3600		286.51		         0		-999.00
-999	1662481530	3600		286.51		         0		-999.00
-999	1662485130	3600		286.51		         0		-999.00
-999	1662488730	3600		286.51		         0		-999.00
-999	1662492330	3600		286.51		         0		-999.00
-999	1662495930	3600		286.51		         0		-999.00
-999	1662499530	3600		286.51		         0		-999.00
-999	1662503130	3600		286.51		         0		-999.00
-999	1662506730	3600		286.51		         0		-999.00
-999	1662510330	3600		286.51		         0		-999.00
-999	1662513930	3600		286.51		         0		-999.00
-999	1662517530	3600		286.51		         0		-999.00
-999	1662521130	3600		286.51		         0		-999.00
-999	1662524730	3600		286.51		         0		-999.00
-999	1662528330	3600		286.51		         0		-999.00
-999	1662531930	3600		287.10		         0		-999.00
-999	1662535530	3600		287.58		         0		-999.00
-999	1662539130	3600		287.80		         0		-999.00
-999	1662542730	3600		287.92		         0		-999.00
-999	1662546330	3600		288.05		         0		-999.00
-999	1662549930	3600		288.13		         0		-999.00
-999	1662553530	3600		288.17		         0		-999.00
-999	1662557130	3600		288.17		         0		-999.00
-999	1662560730	3600		288.17		         0		-999.00
-999	1662564330	3600		288.21		         0		-999.00
-999	1662567930	3600		288.25		         0		-999.00
-999	1662571530	3600		288.25		         0		-999.00
-999	1662575130	3600		288.29		         0		-999.00
-999	1662578730	3600		288.29		         0		-999.00
-999	1662582330	3600		288.29		         0		-999.00
-999	1662585930	3600		288.29		         0		-999.00
-999	1662589530	3600		288.29		         0		-999.00
-999	1662593130	3600		288.29		         0		-999.00
-999	1662596730	3600		288.29		         0		-999.00
-999	1662600330	3600		288.29		         0		-999.00
-999	1662603930	3600		288.29		         0		-999.00
-999	1662607530	3600		288.29		         0		-999.00
-999	1662611130	3600		288.29		         0		-999.00
-999	1662614730	3600		288.29		         0		-999.00
-999	1662618330	3600		288.29		         0		-999.00
-999	1662621930	3600		288.29		         0		-999.00
-999	1662625530	3600		288.17		         0		-999.00
-999	1662629130	3600		287.27		         0		-999.00
-999	1662632730	3600		286.59		         0		-999.00
-999	1662636330	3600		286.21		         0		-999.00
-999	1662639930	3600		285.95		         0		-999.00
-999	1662643530	3600		285.83		         0		-999.00
-999	1662647130	3600		285.83		         0		-999.00
-999	1662650730	3600		285.75		         0		-999.00
-999	1662654330	3600		285.71		         0		-999.00
-999	1662657930	3600		285.71		         0		-999.00
-999	1662661530	3600		285.71		         0		-999.00
-999	1662665130	3600		285.71		         0		-999.00
-999	1662668730	3600		285.71		         0		-999.00
-999	1662672330	3600		285.71		         0		-999.00
-999	1662675930	3600		285.71		         0		-999.00
-999	1662679530	3600		285.71		         0		-999.00
-999	1662683130	3600		285.71		         0		-999.00
-999	1662686730	3600		285.71		         0		-999.00
-999	1662690330	3600		285.71		         0		-999.00
-999	1662693930	3600		285.71		         0		-999.00
-999	1662697530	3600		285.71		         0		-999.00
-999	1662701130	3600		285.71		         0		-999.00
-999	1662704730	3600		271.98		         0		-999.00
-999	1662708330	3600		271.65		         0		-999.00
-999	1662711930	3600		271.68		         0		-999.00
-999	1662715530	3600		271.76		         0		-999.00
-999	1662719130	3600		271.79		         0		-999.00
-999	1662722730	3600		271.79		         0		-999.00
-999	1662726330	3600		271.82		         0		-999.00
-999	1662729930	3600		271.82		         0		-999.00
-999	1662733530	3600		271.90		         0		-999.00
-999	1662737130	3600		271.90		         0		-999.00
-999	1662740730	3600		271.90		         0		-999.00
-999	1662744330	3600		271.68		         0		-999.00
-999	1662747930	3600		271.76		         0		-999.00
-999	1662751530	3600		271.79		         0		-999.00
-999	1662755130	3600		271.79		         0		-999.00
-999	1662758730	3600		271.79		         0		-999.00
-999	1662762330	3600		271.82		         0		-999.00
-999	1662765930	3600		271.82		         0		-999.00
-999	1662769530	3600		271.82		         0		-999.00
-999	1662773130	3600		271.83		         0		-999.00
-999	1662776730	3600		271.68		         0		-999.00
-999	1662780330	3600		271.79		         0		-999.00
-999	1662783930	3600		271.79		         0		-999.00
-999	1662787530	3600		271.79		         0		-999.00
-999	1662791130	3600		271.82		         0		-999.00
-999	1662794730	3600		271.82		         0		-999.00
-999	1662798330	3600		271.82		         0		-999.00
-999	1662801930	3600		271.68		         0		-999.00
-999	1662805530	3600		271.76		         0		-999.00
-999	1662809130	3600		271.79		         0		-999.00
-999	1662812730	3600		271.82		         0		-999.00
-999	1662816330	3600		271.83		         0		-999.00
-999	1662819930	3600		271.90		         0		-999.00
-999	1662823530	3600		271.90		         0		-999.00
-999	1662827130	3600		271.90		         0		-999.00
-999	1662830730	3600		271.90		         0		-999.00
-999	1662834330	3600		271.72		         0		-999.00
-999	1662837930	3600		271.79		         0		-999.00
-999	1662841530	3600		271.82		         0		-999.00
-999	1662845130	3600		271.83		         0		-999.00
-999	1662848730	3600		271.83		         0		-999.00
-999	1662852330	3600		271.83		         0		-999.00
-999	1662855930	3600		271.83		         0		-999.00
-999	1662859530	3600		271.83		         0		-999.00
-999	1662863130	3600		271.64		         0		-999.00
-999	1662866730	3600		271.76		         0		-999.00
-999	1662870330	3600		271.79		         0		-999.00
-999	1662873930	3600		271.82		         0		-999.00
-999	1662877530	3600		271.82		         0		-999.00
-999	1662881130	3600		271.82		         0		-999.00
-999	1662884730	3600		271.82		         0		-999.00
-999	1662888330	3600		271.82		         0		-999.00
-999	1662891930	3600		271.68		         0		-999.00
-999	1662895530	3600		271.72		         0		-999.00
-999	1662899130	3600		271.79		         0		-999.00
-999	1662902730	3600		271.79		         0		-999.00
-999	1662906330	3600		271.82		         0		-999.00
-999	1662909930	3600		271.82		         0		-999.00
-999	1662913530	3600		271.82		         0		-999.00
-999	1662917130	3600		271.82		         0		-999.00
-999	1662920730	3600		271.90		         0		-999.00
-999	1662924330	3600		271.68		         0		-999.00
-999	1662927930	3600		271.79		         0		-999.00
-999	1662931530	3600		271.79		         0		-999.00
-999	1662935130	3600		271.79		         0		-999.00
-999	1662938730	3600		271.82		         0		-999.00
-999	1662942330	3600		271.82		         0		-999.00
-999	1662945930	3600		271.82		         0		-999.00
-999	1662949530	3600		271.64		         0		-999.00
-999	1662953130	3600		271.72		         0		-999.00
-999	1662956730	3600		271.79		         0		-999.00
-999	1662960330	3600		271.79		         0		-999.00
-999	1662963930	3600		271.79		         0		-999.00
-999	1662967530	3600		271.79		         0		-999.00
-999	1662971130	3600		271.82		         0		-999.00
-999	1662974730	3600		271.82		         0		-999.00
-999	1662978330	3600		271.82		         0		-999.00
-999	1662981930	3600		271.82		         0		-999.00
-999	1662985530	3600		271.68		         0		-999.00
-999	1662989130	3600		271.68		         0		-999.00
-999	1662992730	3600		271.79		         0		-999.00
-999	1662996330	3600		271.79		         0		-999.00
-999	1662999930	3600		271.79		         0		-999.00
-999	1663003530	3600		271.79		         0		-999.00
-999	1663007130	3600		271.82		         0		-999.00
-999	1663010730	3600		271.82		         0		-999.00
-999	1663014330	3600		271.68		         0		-999.00
-999	1663017930	3600		271.76		         0		-999.00
-999	1663021530	3600		271.79		         0		-999.00
-999	1663025130	3600		271.79		         0		-999.00
-999	1663028730	3600		271.79		         0		-999.00
-999	1663032330	3600		271.82		         0		-999.00
-999	1663035930	3600		271.82		         0		-999.00
-999	1663039530	3600		271.82		         0		-999.00
-999	1663043130	3600		271.68		         0		-999.00
-999	1663046730	3600		271.68		         0		-999.00
-999	1663050330	3600		271.74		         0		-999.00
-999	1663053930	3600		271.74		         0		-999.00
-999	1663057530	3600		271.74		         0		-999.00
-999	1663061130	3600		271.78		         0		-999.00
-999	1663064730	3600		271.84		         0		-999.00
-999	1663068330	3600		271.84		         0		-999.00
-999	1663071930	3600		271.84		         0		-999.00
-999	1663075530	3600		271.65		         0		-999.00
-999	1663079130	3600		271.72		         0		-999.00
-999	1663082730	3600		271.76		         0		-999.00
-999	1663086330	3600		271.83		         0		-999.00
-999	1663089930	3600		271.83		         0		-999.00
-999	1663093530	3600		271.83		         0		-999.00
-999	1663097130	3600		271.83		         0		-999.00
-999	1663100730	3600		271.90		         0		-999.00
-999	1663104330	3600		271.68		         0		-999.00
-999	1663107930	3600		271.75		         0		-999.00
-999	1663111530	3600		271.75		         0		-999.00
-999	1663115130	3600		271.82		         0		-999.00
-999	1663118730	3600		271.82		         0		-999.00
-999	1663122330	3600		271.82		         0		-999.00
-999	1663125930	3600		271.61		         0		-999.00
-999	1663129530	3600		271.68		         0		-999.00
-999	1663133130	3600		271.75		         0		-999.00
-999	1663136730	3600		271.82		         0		-999.00
-999	1663140330	3600		271.82		         0		-999.00
-999	1663143930	3600		268.81		         0		-999.00
-999	1663147530	3600		255.21		         0		-999.00
-999	1663151130	3600		255.50		         0		-999.00
-999	1663154730	3600		255.68		         0		-999.00
-999	1663158330	3600		255.27		         0		-999.00
-999	1663161930	3600		260.38		         0		-999.00
-999	1663165530	3600		263.71		         0		-999.00
-999	1663169130	3600		263.65		         0		-999.00
-999	1663172730	3600		263.33		         0		-999.00
-999	1663176330	3600		263.71		         0		-999.00
-999	1663179930	3600		263.79		         0		-999.00
-999	1663183530	3600		263.83		         0		-999.00
-999	1663187130	3600		263.83		         0		-999.00
-999	1663190730	3600		263.83		         0		-999.00
-999	1663194330	3600		263.83		         0		-999.00
-999	1663197930	3600		263.83		         0		-999.00
-999	1663201530	3600		263.83		         0		-999.00
-999	1663205130	3600		263.83		         0		-999.00
-999	1663208730	3600		263.83		         0		-999.00
-999	1663212330	3600		263.80		         0		-999.00
-999	1663215930	3600		263.62		         0		-999.00
-999	1663219530	3600		263.75		         0		-999.00
-999	1663223130	3600		263.81		         0		-999.00
-999	1663226730	3600		263.77		         0		-999.00
-999	1663230330	3600		263.56		         0		-999.00
-999	1663233930	3600		263.77		         0		-999.00
-999	1663237530	3600		263.79		         0		-999.00
-999	1663241130	3600		263.79		         0		-999.00
-999	1663244730	3600		263.64		         0		-999.00
-999	1663248330	3600		263.75		         0		-999.00
-999	1663251930	3600		263.49		         0		-999.00
-999	1663255530	3600		263.65		         0		-999.00
-999	1663259130	3600		263.80		         0		-999.00
-999	1663262730	3600		263.82		         0		-999.00
-999	1663266330	3600		263.90		         0		-999.00
-999	1663269930	3600		263.90		         0		-999.00
-999	1663273530	3600		263.90		         0		-999.00
-999	1663277130	3600		263.90		         0		-999.00
-999	1663280730	3600		263.90		         0		-999.00
-999	1663284330	3600		263.90		         0		-999.00
-999	1663287930	3600		263.90		         0		-999.00
-999	1663291530	3600		263.90		         0		-999.00
-999	1663295130	3600		263.90		         0		-999.00
-999	1663298730	3600		263.90		         0		-999.00
-999	1663302330	3600		263.67		         0		-999.00
-999	1663305930	3600		263.52		         0		-999.00
-999	1663309530	3600		263.26		         0		-999.00
-999	1663313130	3600		263.63		         0		-999.00
-999	1663316730	3600		263.78		         0		-999.00
-999	1663320330	3600		263.86		         0		-999.00
-999	1663323930	3600		263.88		         0		-999.00
-999	1663327530	3600		263.57		         0		-999.00
-999	1663331130	3600		263.84		         0		-999.00
-999	1663334730	3600		263.62		         0		-999.00
-999	1663338330	3600		260.53		         0		-999.00
-999	1663341930	3600		260.66		         0		-999.00
-999	1663345530	3600		260.66		         0		-999.00
-999	1663349130	3600		260.66		         0		-999.00
-999	1663352730	3600		260.66		         0		-999.00
-999	1663356330	3600		260.66		         0		-999.00
-999	1663359930	3600		260.66		         0		-999.00
-999	1663363530	3600		260.66		         0		-999.00
-999	1663367130	3600		260.66		         0		-999.00
-999	1663370730	3600		260.69		         0		-999.00
-999	1663374330	3600		260.69		         0		-999.00
-999	1663377930	3600		260.69		         0		-999.00
-999	1663381530	3600		260.69		         0		-999.00
-999	1663385130	3600		260.69		         0		-999.00
-999	1663388730	3600		260.45		         0		-999.00
-999	1663392330	3600		260.83		         0		-999.00
-999	1663395930	3600		260.80		         0		-999.00
-999	1663399530	3600		260.80		         0		-999.00
-999	1663403130	3600		260.75		         0		-999.00
-999	1663406730	3600		260.79		         0		-999.00
-999	1663410330	3600		260.79		         0		-999.00
-999	1663413930	3600		260.50		         0		-999.00
-999	1663417530	3600		260.69		         0		-999.00
-999	1663421130	3600		260.69		         0		-999.00
-999	1663424730	3600		260.73		         0		-999.00
-999	1663428330	3600		260.73		         0		-999.00
-999	1663431930	3600		260.73		         0		-999.00
-999	1663435530	3600		260.73		         0		-999.00
-999	1663439130	3600		260.73		         0		-999.00
-999	1663442730	3600		260.73		         0		-999.00
-999	1663446330	3600		260.73		         0		-999.00
-999	1663449930	3600		260.73		         0		-999.00
-999	1663453530	3600		260.73		         0		-999.00
-999	1663457130	3600		260.73		         0		-999.00
-999	1663460730	3600		260.73		         0		-999.00
-999	1663464330	3600		260.73		         0		-999.00
-999	1663467930	3600		260.73		         0		-999.00
-999	1663471530	3600		260.73		         0		-999.00
-999	1663475130	3600		260.73		         0		-999.00
-999	1663478730	3600		260.73		         0		-999.00
-999	1663482330	3600		260.73		         0		-999.00
-999	1663485930	3600		260.73		         0		-999.00
-999	1663489530	3600		260.73		         0		-999.00
-999	1663493130	3600		260.73		         0		-999.00
-999	1663496730	3600		260.73		         0		-999.00
-999	1663500330	3600		260.73		         0		-999.00
-999	1663503930	3600		260.73		         0		-999.00
-999	1663507530	3600		260.73		         0		-999.00
-999	1663511130	3600		260.73		         0		-999.00
-999	1663514730	3600		260.73		         0		-999.00
-999	1663518330	3600		260.73		         0		-999.00
-999	1663521930	3600		260.73		         0		-999.00
-999	1663525530	3600		260.73		         0		-999.00
-999	1663529130	3600		263.94		         0		-999.00
-999	1663532730	3600		263.94		         0		-999.00
-999	1663536330	3600		263.94		         0		-999.00
-999	1663539930	3600		263.94		         0		-999.00
-999	1663543530	3600		263.94		         0		-999.00
-999	1663547130	3600		263.94		         0		-999.00
-999	1663550730	3600		263.94		         0		-999.00
-999	1663554330	3600		263.94		         0		-999.00
-999	1663557930	3600		263.94		         0		-999.00
-999	1663561530	3600		263.94		         0		-999.00
-999	1663565130	3600		263.94		         0		-999.00
-999	1663568730	3600		263.79		         0		-999.00
-999	1663572330	3600		263.75		         0		-999.00
-999	1663575930	3600		263.83		         0		-999.00
-999	1663579530	3600		263.94		         0		-999.00
-999	1663583130	3600		263.51		         0		-999.00
-999	1663586730	3600		263.74		         0		-999.00
-999	1663590330	3600		263.76		         0		-999.00
-999	1663593930	3600		263.98		         0		-999.00
-999	1663597530	3600		263.61		         0		-999.00
-999	1663601130	3600		263.78		         0		-999.00
-999	1663604730	3600		263.89		         0		-999.00
-999	1663608330	3600		263.97		         0		-999.00
-999	1663611930	3600		263.97		         0		-999.00
-999	1663615530	3600		263.97		         0		-999.00
-999	1663619130	3600		263.97		         0		-999.00
-999	1663622730	3600		263.97		         0		-999.00
-999	1663626330	3600		260.55		         0		-999.00
-999	1663629930	3600		260.68		         0		-999.00
-999	1663633530	3600		260.72		         0		-999.00
-999	1663637130	3600		260.72		         0		-999.00
-999	1663640730	3600		260.69		         0		-999.00
-999	1663644330	3600		260.69		         0		-999.00
-999	1663647930	3600		260.69		         0		-999.00
-999	1663651530	3600		260.72		         0		-999.00
-999	1663655130	3600		260.72		         0		-999.00
-999	1663658730	3600		260.72		         0		-999.00
-999	1663662330	3600		260.72		         0		-999.00
-999	1663665930	3600		260.67		         0		-999.00
-999	1663669530	3600		260.68		         0		-999.00
-999	1663673130	3600		260.68		         0		-999.00
-999	1663676730	3600		260.68		         0		-999.00
-999	1663680330	3600		260.71		         0		-999.00
-999	1663683930	3600		264.03		         0		-999.00
-999	1663687530	3600		263.99		         0		-999.00
-999	1663691130	3600		263.95		         0		-999.00
-999	1663694730	3600		263.94		         0		-999.00
-999	1663698330	3600		263.53		         0		-999.00
-999	1663701930	3600		263.94		         0		-999.00
-999	1663705530	3600		263.99		         0		-999.00
-999	1663709130	3600		263.99		         0		-999.00
-999	1663712730	3600		260.60		         0		-999.00
-999	1663716330	3600		260.59		         0		-999.00
-999	1663719930	3600		260.68		         0		-999.00
-999	1663723530	3600		260.67		         0		-999.00
-999	1663727130	3600		260.60		         0		-999.00
-999	1663730730	3600		260.71		         0		-999.00
-999	1663734330	3600		260.71		         0		-999.00
-999	1663737930	3600		260.70		         0		-999.00
-999	1663741530	3600		260.70		         0		-999.00
-999	1663745130	3600		260.84		         0		-999.00
-999	1663748730	3600		260.75		         0		-999.00
-999	1663752330	3600		260.67		         0		-999.00
-999	1663755930	3600		260.79		         0		-999.00
-999	1663759530	3600		260.87		         0		-999.00
-999	1663763130	3600		260.87		         0		-999.00
-999	1663766730	3600		263.95		         0		-999.00
-999	1663770330	3600		263.99		         0		-999.00
-999	1663773930	3600		260.45		         0		-999.00
-999	1663777530	3600		260.75		         0		-999.00
-999	1663781130	3600		260.71		         0		-999.00
-999	1663784730	3600		260.71		         0		-999.00
-999	1663788330	3600		260.71		         0		-999.00
-999	1663791930	3600		260.71		         0		-999.00
-999	1663795530	3600		260.70		         0		-999.00
-999	1663799130	3600		260.67		         0		-999.00
-999	1663802730	3600		260.75		         0		-999.00
-999	1663806330	3600		260.71		         0		-999.00
-999	1663809930	3600		260.62		         0		-999.00
-999	1663813530	3600		260.72		         0		-999.00
-999	1663817130	3600		260.71		         0		-999.00
-999	1663820730	3600		260.73		         0		-999.00
-999	1663824330	3600		260.69		         0		-999.00
-999	1663827930	3600		260.73		         0		-999.00
-999	1663831530	3600		260.64		         0		-999.00
-999	1663835130	3600		260.71		         0		-999.00
-999	1663838730	3600		260.71		         0		-999.00
-999	1663842330	3600		260.67		         0		-999.00
-999	1663845930	3600		260.70		         0		-999.00
-999	1663849530	3600		260.66		         0		-999.00
-999	1663853130	3600		263.74		         0		-999.00
-999	1663856730	3600		263.85		         0		-999.00
-999	1663860330	3600		263.95		         0		-999.00
-999	1663863930	3600		263.99		         0		-999.00
-999	1663867530	3600		263.95		         0		-999.00
-999	1663871130	3600		263.95		         0		-999.00
-999	1663874730	3600		263.99		         0		-999.00
-999	1663878330	3600		263.95		         0		-999.00
-999	1663881930	3600		263.95		         0		-999.00
-999	1663885530	3600		260.72		         0		-999.00
-999	1663889130	3600		260.73		         0		-999.00
-999	1663892730	3600		260.66		         0		-999.00
-999	1663896330	3600		260.74		         0		-999.00
-999	1663899930	3600		260.74		         0		-999.00
-999	1663903530	3600		260.69		         0		-999.00
-999	1663907130	3600		260.73		         0		-999.00
-999	1663910730	3600		260.73		         0		-999.00
-999	1663914330	3600		260.73		         0		-999.00
-999	1663917930	3600		260.73		         0		-999.00
-999	1663921530	3600		260.71		         0		-999.00
-999	1663925130	3600		260.67		         0		-999.00
-999	1663928730	3600		260.75		         0		-999.00
-999	1663932330	3600		260.72		         0		-999.00
-999	1663935930	3600		260.72		         0		-999.00
-999	1663939530	3600		260.72		         0		-999.00
-999	1663943130	3600		260.72		         0		-999.00
-999	1663944226	1096		260.61		         0		-999.00
8177	1663945426	1200		263.27		     53442		1187.00
8177	1663949026	3600		263.42		     74832		1207.00
8177	1663952626	3600		263.34		     74751		1197.00
8177	1663956226	3600		260.74		     65083		 10.50
8177	1663956279	53		260.74		         0		 10.50
-999	1663957479	1200		260.47		         0		-999.00
-999	1663961079	3600		260.67		         0		-999.00
-999	1663964475	3396		260.54		         0		-999.00
8178	1663965675	1200		263.30		    161355		1186.00
8178	1663969275	3600		263.89		    213799		1339.00
8178	1663972875	3600		263.65		     98542		1310.00
8178	1663976475	3600		263.56		     96093		1226.00
8178	1663980075	3600		263.29		    103251		1183.00
8178	1663983675	3600		263.30		    165677		1183.00
8178	1663987275	3600		263.23		    123165		1172.00
8178	1663990875	3600		263.30		    110540		1183.00
8178	1663994475	3600		263.24		    107909		1163.00
8178	1663998075	3600		263.92		    110573		1342.00
8178	1664001675	3600		263.13		    120464		1172.00
8178	1664005275	3600		263.43		     66992		1212.00
8178	1664008875	3600		263.78		     86917		1319.00
8178	1664012475	3600		263.24		     59707		1172.00
8178	1664016075	3600		263.20		    189942		1178.00
8178	1664019675	3600		263.40		    241504		1193.00
8178	1664023275	3600		263.89		    213026		1333.00
8178	1664026875	3600		263.43		     88039		1235.00
8178	1664030475	3600		263.26		    154926		1182.00
8178	1664034075	3600		263.34		    106447		1180.00
8178	1664037675	3600		263.42		    206044		1197.00
8178	1664041275	3600		263.39		    203675		1192.00
8178	1664044875	3600		263.16		    185664		1155.00
8178	1664048475	3600		263.43		    238133		1194.00
8178	1664052075	3600		263.37		    238629		1197.00
8178	1664055675	3600		263.37		    237929		1194.00
8178	1664059275	3600		263.37		    240258		1192.00
8178	1664062875	3600		263.37		    239762		1194.00
8178	1664066475	3600		263.37		    242459		1193.00
8178	1664070075	3600		263.37		    241964		1193.00
8178	1664073675	3600		263.37		    242900		1195.00
8178	1664077275	3600		263.37		    245204		1192.00
8178	1664080875	3600		263.34		    245608		1190.00
8178	1664084475	3600		263.39		    243662		1188.00
8178	1664088075	3600		263.32		    161581		1182.00
8178	1664091675	3600		263.13		    140465		1161.00
8178	1664095275	3600		263.39		    160899		1190.00
8178	1664098875	3600		263.35		    153060		1187.00
8178	1664102475	3600		263.40		    185088		1188.00
8178	1664106075	3600		263.40		    184487		1193.00
8178	1664109675	3600		263.23		    105930		1168.00
8178	1664113275	3600		263.56		    105420		1216.00
8178	1664116875	3600		263.28		    170320		1176.00
8178	1664120475	3600		263.34		    203777		1185.00
8178	1664124075	3600		263.43		    228854		1192.00
8178	1664127675	3600		263.43		    228326		1193.00
8178	1664131275	3600		263.39		    225833		1188.00
8178	1664134875	3600		263.35		    225221		1196.00
8178	1664138475	3600		263.35		    226992		1195.00
8178	1664142075	3600		263.35		    225687		1193.00
8178	1664145675	3600		263.39		    227929		1195.00
8178	1664149275	3600		263.35		    227072		1192.00
8178	1664152875	3600		263.35		    228956		1192.00
8178	1664156475	3600		263.35		    227087		1187.00
8178	1664160075	3600		263.35		    226642		1192.00
8178	1664163675	3600		263.35		    226161		1197.00
8178	1664167275	3600		263.35		    217979		1193.00
8178	1664170875	3600		264.03		    200253		1340.00
8178	1664171028	153		264.03		         0		1344.00
-999	1664172228	1200		263.89		         0		-999.00
-999	1664175828	3600		263.91		         0		-999.00
-999	1664179428	3600		263.90		         0		-999.00
-999	1664183028	3600		263.99		         0		-999.00
-999	1664186628	3600		260.66		         0		-999.00
-999	1664190228	3600		260.65		         0		-999.00
-999	1664193828	3600		260.65		         0		-999.00
-999	1664197428	3600		260.65		         0		-999.00
-999	1664200424	2996		260.65		         0		-999.00
8181	1664201624	1200		263.49		    238479		1209.00
8181	1664205224	3600		263.45		    233771		1206.00
8181	1664208824	3600		263.46		    235425		1207.00
8181	1664212424	3600		263.42		    233815		1208.00
8181	1664213459	1035		263.42		    236858		1207.00
-999	1664214659	1200		260.51		         0		-999.00
-999	1664218259	3600		260.74		         0		-999.00
-999	1664221859	3600		260.64		         0		-999.00
-999	1664225459	3600		260.65		         0		-999.00
-999	1664229059	3600		260.65		         0		-999.00
-999	1664231235	2176		260.73		         0		-999.00
